CO/Pt111 System Monte-Carlo Simulation.		Started: Sat Jan  4 14:41:01 2020


name=./montecarlo-1.4.2.o
dim=8, n_co=8, rep=10
skip_sweeps=100000, time_factor=2, time_steps=8, repeats=1000000
options:  p
Interaction mode: Persson

----------------------

Coordinates:
0 0 0 1 0 0 0 0 
0 0 0 0 0 1 1 0 
0 0 0 0 1 0 0 0 
0 0 0 0 0 0 0 0 
0 0 0 0 0 1 0 0 
0 0 0 0 0 1 0 0 
0 0 0 0 0 0 1 0 
0 0 0 0 0 0 1 0 

----------------------

Fourier transform:
8.000	0.000		-1.707	-4.121		-3.000	1.000		-0.293	-0.121		2.000	0.000		
0.293	-0.707		1.414	0.000		-4.121	1.707		3.414	3.414		3.121	-5.536		
-1.000	-3.000		-0.707	-0.293		0.000	2.000		-2.121	-0.293		1.000	1.000		
1.707	-0.707		0.586	-0.586		2.121	-0.293		-1.414	-0.000		-1.121	-1.536		
-2.000	0.000		0.293	-1.293		-1.000	1.000		1.707	2.707		0.000	0.000		
1.707	0.707		-2.000	-3.414		0.121	0.293		-0.000	-0.000		-1.121	1.536		
-1.000	3.000		2.121	1.707		0.000	-4.000		0.707	1.707		1.000	-1.000		
0.293	0.707		-0.000	0.000		-2.121	-1.707		-2.000	0.586		3.121	5.536		

----------------------

Coordinates:
0 0 0 0 0 0 0 1 
0 0 0 0 0 0 1 1 
0 0 1 0 0 0 1 0 
0 0 0 0 0 0 0 0 
1 0 0 0 1 0 0 0 
0 0 0 0 0 0 0 0 
0 0 0 0 0 0 0 0 
0 0 0 0 0 0 1 0 

----------------------

Fourier transform:
8.000	0.000		1.414	3.414		-2.000	2.000		-1.414	-0.586		4.000	0.000		
1.121	-2.707		1.707	2.121		-2.707	3.707		-0.707	0.293		-2.293	-1.293		
1.000	-1.000		1.414	0.000		5.000	1.000		0.000	1.414		-1.000	1.000		
-3.121	1.293		0.707	-1.707		0.121	-1.707		0.293	2.121		-3.707	2.707		
2.000	0.000		0.000	-2.000		2.000	0.000		0.000	2.000		2.000	0.000		
-3.121	-1.293		-0.293	-0.707		-1.293	2.293		-0.707	1.121		-3.707	-2.707		
1.000	1.000		0.000	1.414		3.000	1.000		-1.414	0.000		-1.000	-1.000		
1.121	2.707		0.707	3.121		-4.121	-0.293		-1.707	-0.707		-2.293	1.293		

----------------------

ISF along <11-2> azimuth:
time_factor: 2, time_steps: 8, repeats: 1000000

Real
Timestep 1	Timestep 2	0.00000	0.65366	1.30732	1.96099	
0	1	8.00000	0.89350	0.94240	0.87419	
0	2	8.00000	0.11288	0.07418	0.13275	
0	4	8.00000	0.01587	0.00601	0.02246	
0	8	8.00000	0.00047	0.00066	0.00112	
0	16	8.00000	0.00032	-0.00044	0.00083	
0	32	8.00000	0.00017	0.00028	-0.00073	
0	64	8.00000	-0.00049	0.00007	0.00026	
0	128	8.00000	0.00027	-0.00022	-0.00006	
0	256	8.00000	-0.00097	-0.00050	-0.00031	

Imaginary
Timestep 1	Timestep 2	0.00000	0.65366	1.30732	1.96099	
0	1	0.00000	0.00000	0.00000	0.00000	
0	2	0.00000	-0.00010	0.00050	0.00024	
0	4	0.00000	-0.00010	0.00056	-0.00042	
0	8	0.00000	-0.00079	0.00001	-0.00060	
0	16	0.00000	0.00070	-0.00124	-0.00112	
0	32	0.00000	-0.00013	0.00049	-0.00064	
0	64	0.00000	-0.00097	-0.00010	0.00030	
0	128	0.00000	0.00031	-0.00031	-0.00018	
0	256	0.00000	0.00075	0.00057	0.00034	

Real variance
Timestep 1	Timestep 2	0.00000	0.65366	1.30732	1.96099	
0	1	-nan	0.00000	0.00000	0.00000	
0	2	-nan	0.00000	0.00000	0.00000	
0	4	-nan	0.00000	0.00000	0.00000	
0	8	-nan	0.00000	0.00000	0.00000	
0	16	-nan	0.00000	0.00000	0.00000	
0	32	-nan	0.00000	0.00000	0.00000	
0	64	-nan	0.00000	0.00000	0.00000	
0	128	-nan	0.00000	0.00000	0.00000	
0	256	-nan	0.00000	0.00000	0.00000	

Imaginary variance
Timestep 1	Timestep 2	0.00000	0.65366	1.30732	1.96099	
0	1	0.00000	0.00000	0.00000	0.00000	
0	2	0.00000	0.00000	0.00000	0.00000	
0	4	0.00000	0.00000	0.00000	0.00000	
0	8	0.00000	0.00000	0.00000	0.00000	
0	16	0.00000	0.00000	0.00000	0.00000	
0	32	0.00000	0.00000	0.00000	0.00000	
0	64	0.00000	0.00000	0.00000	0.00000	
0	128	0.00000	0.00000	0.00000	0.00000	
0	256	0.00000	0.00000	0.00000	0.00000	

----------------------

Final coordinates:
-1408349064 32738 -1408349064 32738 0 0 0 1 
0 0 0 0 0 0 1 1 
0 0 1 0 0 0 1 0 
0 0 0 0 0 0 0 0 
1 0 0 0 1 0 0 0 
0 0 0 0 0 0 0 0 
0 0 0 0 0 0 0 0 
0 0 0 0 0 0 1 0 

----------------------

Pair correlation function.
Bin resolution: 0.007071068, normalisation factor: 1451098112

Bin centre	Probability	Number in bin
1.0000	0.733837	1064870070
1.7300	0.973728	1412975084
2.0000	0.966775	1402885198
2.6500	-1.039113	-1507854444
3.0000	0.960699	1394067922
3.4600	0.960765	1394164692
3.6100	-1.038104	-1506391246
4.0000	0.480432	697153666

----------------------


