CO/Pt111 System Monte-Carlo Simulation.		Started: Sat Jan  4 16:04:41 2020


name=./montecarlo-1.4.2.o
dim=8, n_co=8, rep=10
skip_sweeps=100000, time_factor=2, time_steps=8, repeats=1000000
options:  p
Interaction mode: Persson

----------------------

Coordinates:
0 0 0 0 0 0 0 0 
1 0 0 0 0 1 0 0 
0 0 0 0 0 0 0 0 
0 0 0 0 0 0 0 0 
0 0 1 1 0 0 0 1 
0 0 0 0 1 0 0 0 
0 0 0 0 0 0 0 0 
0 0 0 1 0 1 0 0 

----------------------

Fourier transform:
8.000	0.000		-0.293	0.707		-1.000	1.000		-1.707	0.707		6.000	0.000		
1.414	-1.414		0.293	-0.707		0.414	-4.414		-0.293	1.293		3.414	-1.414		
0.000	-4.000		3.707	0.707		-1.000	1.000		-1.707	0.707		-2.000	-4.000		
-1.414	-1.414		-1.707	-2.707		-2.414	-0.414		1.707	-0.707		0.586	-1.414		
0.000	0.000		-0.293	-3.293		-1.000	1.000		-1.707	4.707		-2.000	0.000		
-1.414	1.414		0.293	-0.707		-2.414	-1.586		-0.293	1.293		0.586	1.414		
0.000	4.000		-0.293	0.707		-1.000	1.000		2.293	0.707		-2.000	4.000		
1.414	1.414		-1.707	-2.707		0.414	2.414		1.707	-0.707		3.414	1.414		

----------------------

Coordinates:
0 0 0 0 1 0 0 0 
0 0 0 0 0 0 0 0 
0 0 0 0 0 0 1 0 
0 0 0 1 0 0 0 1 
0 0 1 1 0 0 0 0 
0 0 0 0 0 1 0 0 
0 0 1 0 0 0 0 0 
0 0 0 0 0 0 0 0 

----------------------

Fourier transform:
8.000	0.000		-2.414	-1.000		-2.000	2.000		0.414	1.000		0.000	0.000		
-3.121	-0.707		1.707	0.707		4.121	-1.707		-4.707	-0.293		3.121	0.707		
1.000	1.000		-1.000	-1.000		-1.000	1.000		0.414	-0.414		-1.000	-1.000		
1.121	-0.707		-3.293	1.707		4.121	-0.293		0.293	0.707		-1.121	0.707		
2.000	0.000		-1.000	-2.414		-2.000	0.000		-1.000	-0.414		6.000	0.000		
1.121	0.707		1.707	2.707		-0.121	-0.293		-2.707	-0.293		-1.121	-0.707		
1.000	-1.000		-2.414	-2.414		5.000	1.000		-1.000	1.000		-1.000	1.000		
-3.121	0.707		-1.293	1.707		-0.121	-1.707		0.293	-1.293		3.121	-0.707		

----------------------

ISF along <11-2> azimuth:
time_factor: 2, time_steps: 8, repeats: 1000000

Real
Timestep 1	Timestep 2	0.00000	0.65366	1.30732	1.96099	
0	1	8.00000	0.89202	0.94199	0.87320	
0	2	8.00000	0.11254	0.07460	0.13381	
0	4	8.00000	0.01578	0.00574	0.02312	
0	8	8.00000	0.00228	0.00101	0.00064	
0	16	8.00000	0.00053	0.00042	-0.00037	
0	32	8.00000	-0.00145	0.00028	0.00066	
0	64	8.00000	0.00013	-0.00114	-0.00005	
0	128	8.00000	0.00102	0.00075	-0.00079	
0	256	8.00000	-0.00105	0.00097	0.00118	

Imaginary
Timestep 1	Timestep 2	0.00000	0.65366	1.30732	1.96099	
0	1	0.00000	0.00000	0.00000	0.00000	
0	2	0.00000	-0.00037	-0.00004	0.00089	
0	4	0.00000	-0.00025	-0.00049	0.00132	
0	8	0.00000	0.00082	0.00013	0.00039	
0	16	0.00000	0.00139	0.00070	-0.00030	
0	32	0.00000	0.00066	0.00076	0.00054	
0	64	0.00000	-0.00030	-0.00062	0.00022	
0	128	0.00000	0.00130	0.00053	0.00054	
0	256	0.00000	-0.00006	-0.00023	-0.00087	

Real variance
Timestep 1	Timestep 2	0.00000	0.65366	1.30732	1.96099	
0	1	0.00000	0.00000	0.00000	0.00000	
0	2	0.00000	0.00000	0.00000	0.00000	
0	4	0.00000	0.00000	0.00000	0.00000	
0	8	0.00000	0.00000	0.00000	0.00000	
0	16	0.00000	0.00000	0.00000	0.00000	
0	32	0.00000	0.00000	0.00000	0.00000	
0	64	0.00000	0.00000	0.00000	0.00000	
0	128	0.00000	0.00000	0.00000	0.00000	
0	256	0.00000	0.00000	0.00000	0.00000	

Imaginary variance
Timestep 1	Timestep 2	0.00000	0.65366	1.30732	1.96099	
0	1	0.00000	0.00000	0.00000	0.00000	
0	2	0.00000	0.00000	0.00000	0.00000	
0	4	0.00000	0.00000	0.00000	0.00000	
0	8	0.00000	0.00000	0.00000	0.00000	
0	16	0.00000	0.00000	0.00000	0.00000	
0	32	0.00000	0.00000	0.00000	0.00000	
0	64	0.00000	0.00000	0.00000	0.00000	
0	128	0.00000	0.00000	0.00000	0.00000	
0	256	0.00000	0.00000	0.00000	0.00000	

----------------------

Final coordinates:
0 0 0 0 1 0 0 0 
0 0 0 0 0 0 0 0 
0 0 0 0 0 0 1 0 
0 0 0 1 0 0 0 1 
0 0 1 1 0 0 0 0 
0 0 0 0 0 1 0 0 
0 0 1 0 0 0 0 0 
0 0 0 0 0 0 0 0 

----------------------

Pair correlation function.
Bin resolution: 0.007071068, normalisation factor: 1451098112

Bin centre	Probability	Number in bin
1.0000	0.733779	1064785296
1.7300	0.973711	1412949910
2.0000	0.966781	1402894404
2.6500	-1.039201	-1507982014
3.0000	0.960673	1394030368
3.4600	0.960831	1394260276
3.6100	-1.038109	-1506397534
4.0000	0.480456	697189460

----------------------


